p =  0.125, 0.0625,
C = 8, 16, 32,
G = 0.0078125, 0.00390625,

